Emma 18688 1.56 1
Olivia 17921 1.49 2
Ava 14924 1.24 3
Isabella 14464 1.21 4
Sophia 13928 1.16 5
Charlotte 12940 1.08 6
Mia 12642 1.05 7
Amelia 12301 1.03 8
Harper 10582 0.88 9
Evelyn 10376 0.86 10
Abigail 9796 0.82 11
Emily 8656 0.72 12
Elizabeth 8513 0.71 13
Mila 8126 0.68 14
Ella 8055 0.67 15
Avery 8053 0.67 16
Sofia 7621 0.64 17
Camila 7473 0.62 18
Aria 7394 0.62 19
Scarlett 7182 0.60 20
Victoria 7089 0.59 21
Madison 7036 0.59 22
Luna 6897 0.57 23
Grace 6724 0.56 24
Chloe 6626 0.55 25
Penelope 6474 0.54 26
Layla 6468 0.54 27
Riley 5976 0.50 28
Zoey 5899 0.49 29
Nora 5799 0.48 30
Lily 5706 0.48 31
Eleanor 5694 0.47 32
Hannah 5629 0.47 33
Lillian 5534 0.46 34
Addison 5203 0.43 35
Aubrey 5190 0.43 36
Ellie 5190 0.43 37
Stella 5121 0.43 38
Natalie 5095 0.42 39
Zoe 5062 0.42 40
Leah 4995 0.42 41
Hazel 4916 0.41 42
Violet 4794 0.40 43
Aurora 4785 0.40 44
Savannah 4745 0.40 45
Audrey 4662 0.39 46
Brooklyn 4611 0.38 47
Bella 4518 0.38 48
Claire 4379 0.36 49
Skylar 4378 0.36 50
Lucy 4354 0.36 51
Paisley 4333 0.36 52
Everly 4313 0.36 53
Anna 4145 0.35 54
Caroline 4136 0.34 55
Nova 4124 0.34 56
Genesis 4068 0.34 57
Emilia 4020 0.33 58
Kennedy 3924 0.33 59
Samantha 3897 0.32 60
Maya 3882 0.32 61
Willow 3881 0.32 62
Kinsley 3856 0.32 63
Naomi 3821 0.32 64
Aaliyah 3811 0.32 65
Elena 3758 0.31 66
Sarah 3734 0.31 67
Ariana 3715 0.31 68
Allison 3678 0.31 69
Gabriella 3677 0.31 70
Alice 3643 0.30 71
Madelyn 3634 0.30 72
Cora 3574 0.30 73
Ruby 3552 0.30 74
Eva 3542 0.30 75
Serenity 3517 0.29 76
Autumn 3471 0.29 77
Adeline 3463 0.29 78
Hailey 3449 0.29 79
Gianna 3429 0.29 80
Valentina 3416 0.28 81
Isla 3393 0.28 82
Eliana 3373 0.28 83
Quinn 3369 0.28 84
Nevaeh 3359 0.28 85
Ivy 3256 0.27 86
Sadie 3247 0.27 87
Piper 3202 0.27 88
Lydia 3184 0.27 89
Alexa 3053 0.25 90
Josephine 3023 0.25 91
Emery 2993 0.25 92
Julia 2989 0.25 93
Delilah 2982 0.25 94
Arianna 2956 0.25 95
Vivian 2956 0.25 96
Kaylee 2938 0.24 97
Sophie 2929 0.24 98
Brielle 2919 0.24 99
Madeline 2897 0.24 100
Peyton 2896 0.24 101
Rylee 2886 0.24 102
Clara 2877 0.24 103
Hadley 2861 0.24 104
Melanie 2841 0.24 105
Mackenzie 2810 0.23 106
Reagan 2803 0.23 107
Adalynn 2801 0.23 108
Liliana 2773 0.23 109
Aubree 2767 0.23 110
Jade 2673 0.22 111
Katherine 2666 0.22 112
Isabelle 2640 0.22 113
Natalia 2617 0.22 114
Raelynn 2599 0.22 115
Maria 2595 0.22 116
Athena 2582 0.22 117
Ximena 2558 0.21 118
Arya 2545 0.21 119
Leilani 2505 0.21 120
Taylor 2478 0.21 121
Faith 2442 0.20 122
Rose 2432 0.20 123
Kylie 2416 0.20 124
Alexandra 2394 0.20 125
Mary 2327 0.19 126
Margaret 2312 0.19 127
Lyla 2288 0.19 128
Ashley 2267 0.19 129
Amaya 2256 0.19 130
Eliza 2254 0.19 131
Brianna 2235 0.19 132
Bailey 2163 0.18 133
Andrea 2154 0.18 134
Khloe 2136 0.18 135
Jasmine 2133 0.18 136
Melody 2131 0.18 137
Iris 2109 0.18 138
Isabel 2052 0.17 139
Norah 1999 0.17 140
Annabelle 1977 0.16 141
Valeria 1976 0.16 142
Emerson 1935 0.16 143
Adalyn 1930 0.16 144
Ryleigh 1915 0.16 145
Eden 1894 0.16 146
Emersyn 1886 0.16 147
Anastasia 1880 0.16 148
Kayla 1875 0.16 149
Alyssa 1870 0.16 150
Juliana 1842 0.15 151
Charlie 1840 0.15 152
Esther 1831 0.15 153
Ariel 1810 0.15 154
Cecilia 1798 0.15 155
Valerie 1794 0.15 156
Alina 1791 0.15 157
Molly 1790 0.15 158
Reese 1788 0.15 159
Aliyah 1765 0.15 160
Lilly 1755 0.15 161
Parker 1754 0.15 162
Finley 1749 0.15 163
Morgan 1749 0.15 164
Sydney 1749 0.15 165
Jordyn 1735 0.14 166
Eloise 1733 0.14 167
Trinity 1707 0.14 168
Daisy 1702 0.14 169
Kimberly 1696 0.14 170
Lauren 1696 0.14 171
Genevieve 1692 0.14 172
Sara 1692 0.14 173
Arabella 1686 0.14 174
Harmony 1668 0.14 175
Elise 1664 0.14 176
Remi 1644 0.14 177
Teagan 1644 0.14 178
Alexis 1640 0.14 179
London 1632 0.14 180
Sloane 1623 0.14 181
Laila 1608 0.13 182
Lucia 1606 0.13 183
Diana 1605 0.13 184
Juliette 1600 0.13 185
Sienna 1587 0.13 186
Elliana 1580 0.13 187
Londyn 1580 0.13 188
Ayla 1575 0.13 189
Callie 1574 0.13 190
Gracie 1566 0.13 191
Josie 1565 0.13 192
Amara 1564 0.13 193
Jocelyn 1555 0.13 194
Daniela 1553 0.13 195
Everleigh 1546 0.13 196
Mya 1545 0.13 197
Rachel 1544 0.13 198
Summer 1528 0.13 199
Alana 1523 0.13 200
Brooke 1518 0.13 201
Alaina 1517 0.13 202
Mckenzie 1507 0.13 203
Catherine 1498 0.12 204
Amy 1497 0.12 205
Presley 1486 0.12 206
Journee 1481 0.12 207
Rosalie 1460 0.12 208
Ember 1458 0.12 209
Brynlee 1455 0.12 210
Rowan 1447 0.12 211
Joanna 1444 0.12 212
Paige 1443 0.12 213
Rebecca 1442 0.12 214
Ana 1440 0.12 215
Sawyer 1421 0.12 216
Mariah 1416 0.12 217
Nicole 1416 0.12 218
Brooklynn 1415 0.12 219
Payton 1413 0.12 220
Marley 1410 0.12 221
Fiona 1408 0.12 222
Georgia 1406 0.12 223
Lila 1395 0.12 224
Harley 1393 0.12 225
Adelyn 1375 0.11 226
Alivia 1373 0.11 227
Noelle 1371 0.11 228
Gemma 1369 0.11 229
Vanessa 1369 0.11 230
Journey 1363 0.11 231
Makayla 1362 0.11 232
Angelina 1360 0.11 233
Adaline 1359 0.11 234
Catalina 1358 0.11 235
Alayna 1354 0.11 236
Julianna 1354 0.11 237
Leila 1352 0.11 238
Lola 1352 0.11 239
Adriana 1347 0.11 240
June 1342 0.11 241
Juliet 1336 0.11 242
Jayla 1334 0.11 243
River 1321 0.11 244
Tessa 1315 0.11 245
Lia 1310 0.11 246
Dakota 1307 0.11 247
Delaney 1306 0.11 248
Selena 1306 0.11 249
Blakely 1304 0.11 250
Ada 1288 0.11 251
Camille 1277 0.11 252
Zara 1275 0.11 253
Malia 1266 0.11 254
Hope 1265 0.11 255
Samara 1261 0.11 256
Vera 1257 0.10 257
Mckenna 1254 0.10 258
Briella 1248 0.10 259
Izabella 1246 0.10 260
Hayden 1243 0.10 261
Raegan 1241 0.10 262
Michelle 1239 0.10 263
Angela 1236 0.10 264
Ruth 1234 0.10 265
Freya 1231 0.10 266
Kamila 1230 0.10 267
Vivienne 1226 0.10 268
Aspen 1223 0.10 269
Olive 1222 0.10 270
Kendall 1209 0.10 271
Elaina 1205 0.10 272
Thea 1194 0.10 273
Kali 1193 0.10 274
Destiny 1189 0.10 275
Amiyah 1186 0.10 276
Evangeline 1185 0.10 277
Cali 1182 0.10 278
Blake 1181 0.10 279
Elsie 1178 0.10 280
Juniper 1173 0.10 281
Alexandria 1165 0.10 282
Myla 1163 0.10 283
Ariella 1161 0.10 284
Kate 1156 0.10 285
Mariana 1148 0.10 286
Lilah 1145 0.10 287
Charlee 1141 0.10 288
Daleyza 1126 0.09 289
Nyla 1126 0.09 290
Jane 1123 0.09 291
Maggie 1122 0.09 292
Zuri 1122 0.09 293
Aniyah 1118 0.09 294
Lucille 1115 0.09 295
Leia 1114 0.09 296
Melissa 1114 0.09 297
Adelaide 1111 0.09 298
Amina 1109 0.09 299
Giselle 1104 0.09 300
Lena 1094 0.09 301
Camilla 1088 0.09 302
Miriam 1088 0.09 303
Millie 1087 0.09 304
Brynn 1084 0.09 305
Gabrielle 1084 0.09 306
Sage 1083 0.09 307
Annie 1080 0.09 308
Logan 1074 0.09 309
Lilliana 1066 0.09 310
Haven 1058 0.09 311
Jessica 1057 0.09 312
Kaia 1057 0.09 313
Magnolia 1041 0.09 314
Amira 1035 0.09 315
Adelynn 1029 0.09 316
Makenzie 1026 0.09 317
Stephanie 1026 0.09 318
Nina 1020 0.08 319
Phoebe 1018 0.08 320
Arielle 1009 0.08 321
Evie 1008 0.08 322
Lyric 1007 0.08 323
Alessandra 1006 0.08 324
Gabriela 993 0.08 325
Paislee 989 0.08 326
Raelyn 986 0.08 327
Madilyn 983 0.08 328
Paris 979 0.08 329
Makenna 978 0.08 330
Kinley 976 0.08 331
Gracelyn 971 0.08 332
Talia 971 0.08 333
Maeve 969 0.08 334
Rylie 966 0.08 335
Kiara 954 0.08 336
Evelynn 952 0.08 337
Brinley 951 0.08 338
Jacqueline 939 0.08 339
Laura 935 0.08 340
Gracelynn 927 0.08 341
Lexi 922 0.08 342
Ariah 920 0.08 343
Fatima 915 0.08 344
Jennifer 915 0.08 345
Kehlani 912 0.08 346
Alani 904 0.08 347
Ariyah 903 0.08 348
Luciana 902 0.08 349
Allie 901 0.08 350
Heidi 898 0.07 351
Maci 897 0.07 352
Phoenix 893 0.07 353
Felicity 892 0.07 354
Joy 890 0.07 355
Kenzie 883 0.07 356
Veronica 881 0.07 357
Margot 877 0.07 358
Addilyn 871 0.07 359
Lana 868 0.07 360
Cassidy 864 0.07 361
Remington 862 0.07 362
Saylor 862 0.07 363
Ryan 860 0.07 364
Keira 859 0.07 365
Harlow 858 0.07 366
Miranda 858 0.07 367
Angel 849 0.07 368
Amanda 844 0.07 369
Daniella 839 0.07 370
Royalty 836 0.07 371
Gwendolyn 835 0.07 372
Ophelia 831 0.07 373
Heaven 829 0.07 374
Jordan 828 0.07 375
Madeleine 828 0.07 376
Esmeralda 826 0.07 377
Kira 822 0.07 378
Miracle 819 0.07 379
Elle 812 0.07 380
Amari 810 0.07 381
Danielle 809 0.07 382
Daphne 806 0.07 383
Willa 806 0.07 384
Haley 802 0.07 385
Gia 799 0.07 386
Kaitlyn 796 0.07 387
Oakley 794 0.07 388
Kailani 793 0.07 389
Winter 792 0.07 390
Alicia 786 0.07 391
Serena 777 0.06 392
Nadia 776 0.06 393
Aviana 774 0.06 394
Demi 774 0.06 395
Jada 773 0.06 396
Braelynn 772 0.06 397
Dylan 771 0.06 398
Ainsley 768 0.06 399
Alison 767 0.06 400
Camryn 767 0.06 401
Avianna 765 0.06 402
Bianca 764 0.06 403
Skyler 762 0.06 404
Scarlet 759 0.06 405
Maddison 757 0.06 406
Nylah 756 0.06 407
Sarai 753 0.06 408
Regina 751 0.06 409
Dahlia 750 0.06 410
Nayeli 748 0.06 411
Raven 747 0.06 412
Helen 745 0.06 413
Adrianna 743 0.06 414
Averie 742 0.06 415
Skye 741 0.06 416
Kelsey 738 0.06 417
Tatum 738 0.06 418
Kensley 737 0.06 419
Maliyah 736 0.06 420
Erin 735 0.06 421
Viviana 735 0.06 422
Jenna 734 0.06 423
Anaya 733 0.06 424
Carolina 733 0.06 425
Shelby 732 0.06 426
Sabrina 731 0.06 427
Mikayla 730 0.06 428
Annalise 729 0.06 429
Octavia 727 0.06 430
Lennon 724 0.06 431
Blair 723 0.06 432
Carmen 723 0.06 433
Yaretzi 723 0.06 434
Kennedi 722 0.06 435
Mabel 722 0.06 436
Zariah 721 0.06 437
Kyla 720 0.06 438
Christina 719 0.06 439
Selah 719 0.06 440
Celeste 718 0.06 441
Eve 716 0.06 442
Mckinley 716 0.06 443
Milani 716 0.06 444
Frances 715 0.06 445
Jimena 712 0.06 446
Kylee 711 0.06 447
Leighton 710 0.06 448
Katie 707 0.06 449
Aitana 704 0.06 450
Kayleigh 698 0.06 451
Sierra 693 0.06 452
Kathryn 692 0.06 453
Rosemary 690 0.06 454
Jolene 688 0.06 455
Alondra 687 0.06 456
Elisa 687 0.06 457
Helena 681 0.06 458
Charleigh 680 0.06 459
Hallie 679 0.06 460
Lainey 677 0.06 461
Avah 675 0.06 462
Jazlyn 675 0.06 463
Kamryn 674 0.06 464
Mira 672 0.06 465
Cheyenne 670 0.06 466
Francesca 668 0.06 467
Antonella 661 0.06 468
Wren 661 0.06 469
Chelsea 659 0.05 470
Amber 658 0.05 471
Emory 654 0.05 472
Lorelei 654 0.05 473
Nia 654 0.05 474
Abby 653 0.05 475
April 653 0.05 476
Emelia 653 0.05 477
Carter 652 0.05 478
Aylin 651 0.05 479
Cataleya 651 0.05 480
Bethany 650 0.05 481
Marlee 650 0.05 482
Carly 647 0.05 483
Kaylani 647 0.05 484
Emely 646 0.05 485
Liana 643 0.05 486
Madelynn 642 0.05 487
Cadence 639 0.05 488
Matilda 635 0.05 489
Sylvia 631 0.05 490
Myra 629 0.05 491
Fernanda 627 0.05 492
Oaklyn 627 0.05 493
Elianna 626 0.05 494
Hattie 624 0.05 495
Dayana 622 0.05 496
Kendra 622 0.05 497
Maisie 622 0.05 498
Malaysia 622 0.05 499
Kara 616 0.05 500
Katelyn 616 0.05 501
Maia 614 0.05 502
Celine 613 0.05 503
Cameron 612 0.05 504
Renata 611 0.05 505
Jayleen 609 0.05 506
Charli 608 0.05 507
Emmalyn 608 0.05 508
Holly 608 0.05 509
Azalea 607 0.05 510
Leona 607 0.05 511
Alejandra 605 0.05 512
Bristol 605 0.05 513
Collins 604 0.05 514
Imani 603 0.05 515
Meadow 602 0.05 516
Alexia 600 0.05 517
Edith 599 0.05 518
Kaydence 599 0.05 519
Leslie 597 0.05 520
Lilith 597 0.05 521
Kora 596 0.05 522
Aisha 595 0.05 523
Meredith 595 0.05 524
Danna 593 0.05 525
Wynter 591 0.05 526
Emberly 589 0.05 527
Julieta 588 0.05 528
Michaela 588 0.05 529
Alayah 586 0.05 530
Jemma 586 0.05 531
Reign 586 0.05 532
Colette 585 0.05 533
Kaliyah 585 0.05 534
Elliott 583 0.05 535
Johanna 582 0.05 536
Remy 581 0.05 537
Sutton 581 0.05 538
Emmy 580 0.05 539
Virginia 578 0.05 540
Briana 572 0.05 541
Oaklynn 572 0.05 542
Adelina 566 0.05 543
Everlee 566 0.05 544
Megan 564 0.05 545
Angelica 562 0.05 546
Justice 561 0.05 547
Mariam 561 0.05 548
Khaleesi 560 0.05 549
Macie 558 0.05 550
Karsyn 557 0.05 551
Alanna 556 0.05 552
Aleah 556 0.05 553
Mae 556 0.05 554
Mallory 556 0.05 555
Esme 552 0.05 556
Skyla 552 0.05 557
Madilynn 551 0.05 558
Charley 550 0.05 559
Allyson 549 0.05 560
Hanna 549 0.05 561
Shiloh 548 0.05 562
Henley 547 0.05 563
Macy 547 0.05 564
Maryam 545 0.05 565
Ivanna 544 0.05 566
Ashlynn 543 0.05 567
Lorelai 539 0.04 568
Amora 538 0.04 569
Ashlyn 538 0.04 570
Sasha 536 0.04 571
Baylee 535 0.04 572
Beatrice 535 0.04 573
Itzel 532 0.04 574
Priscilla 532 0.04 575
Marie 530 0.04 576
Jayda 529 0.04 577
Liberty 529 0.04 578
Rory 529 0.04 579
Alessia 528 0.04 580
Alaia 524 0.04 581
Janelle 524 0.04 582
Kalani 523 0.04 583
Gloria 521 0.04 584
Sloan 519 0.04 585
Dorothy 517 0.04 586
Greta 517 0.04 587
Julie 516 0.04 588
Zahra 516 0.04 589
Savanna 515 0.04 590
Annabella 514 0.04 591
Poppy 513 0.04 592
Amalia 510 0.04 593
Zaylee 508 0.04 594
Cecelia 507 0.04 595
Coraline 507 0.04 596
Kimber 506 0.04 597
Emmie 505 0.04 598
Anne 504 0.04 599
Karina 504 0.04 600
Kassidy 504 0.04 601
Kynlee 502 0.04 602
Monroe 500 0.04 603
Anahi 496 0.04 604
Jaliyah 496 0.04 605
Jazmin 496 0.04 606
Maren 495 0.04 607
Monica 495 0.04 608
Siena 495 0.04 609
Marilyn 494 0.04 610
Reyna 494 0.04 611
Kyra 491 0.04 612
Lilian 491 0.04 613
Jamie 488 0.04 614
Melany 488 0.04 615
Alaya 485 0.04 616
Ariya 485 0.04 617
Kelly 484 0.04 618
Rosie 481 0.04 619
Adley 480 0.04 620
Dream 480 0.04 621
Jaylah 480 0.04 622
Laurel 480 0.04 623
Jazmine 478 0.04 624
Mina 477 0.04 625
Karla 476 0.04 626
Bailee 475 0.04 627
Aubrie 474 0.04 628
Katalina 472 0.04 629
Melina 471 0.04 630
Harlee 470 0.04 631
Elliot 469 0.04 632
Hayley 469 0.04 633
Elaine 468 0.04 634
Karen 468 0.04 635
Dallas 467 0.04 636
Irene 464 0.04 637
Lylah 464 0.04 638
Ivory 462 0.04 639
Chaya 461 0.04 640
Rosa 461 0.04 641
Aleena 460 0.04 642
Braelyn 459 0.04 643
Nola 458 0.04 644
Alma 455 0.04 645
Leyla 455 0.04 646
Pearl 455 0.04 647
Addyson 454 0.04 648
Roselyn 454 0.04 649
Lacey 453 0.04 650
Lennox 453 0.04 651
Reina 453 0.04 652
Aurelia 450 0.04 653
Noa 448 0.04 654
Janiyah 447 0.04 655
Jessie 447 0.04 656
Madisyn 447 0.04 657
Saige 447 0.04 658
Alia 445 0.04 659
Tiana 445 0.04 660
Astrid 443 0.04 661
Cassandra 443 0.04 662
Kyleigh 442 0.04 663
Romina 442 0.04 664
Stevie 442 0.04 665
Haylee 441 0.04 666
Zelda 440 0.04 667
Lillie 439 0.04 668
Aileen 436 0.04 669
Brylee 436 0.04 670
Eileen 436 0.04 671
Yara 434 0.04 672
Ensley 432 0.04 673
Lauryn 432 0.04 674
Giuliana 430 0.04 675
Livia 430 0.04 676
Anya 429 0.04 677
Mikaela 429 0.04 678
Palmer 429 0.04 679
Lyra 428 0.04 680
Mara 428 0.04 681
Marina 427 0.04 682
Kailey 426 0.04 683
Liv 426 0.04 684
Clementine 425 0.04 685
Kenna 422 0.04 686
Briar 420 0.03 687
Emerie 419 0.03 688
Galilea 419 0.03 689
Tiffany 418 0.03 690
Bonnie 417 0.03 691
Elyse 417 0.03 692
Cynthia 416 0.03 693
Frida 416 0.03 694
Kinslee 416 0.03 695
Tatiana 414 0.03 696
Joelle 413 0.03 697
Armani 412 0.03 698
Jolie 412 0.03 699
Nalani 412 0.03 700
Rayna 412 0.03 701
Yareli 412 0.03 702
Meghan 411 0.03 703
Rebekah 411 0.03 704
Addilynn 410 0.03 705
Faye 410 0.03 706
Zariyah 410 0.03 707
Lea 408 0.03 708
Aliza 407 0.03 709
Julissa 407 0.03 710
Lilyana 406 0.03 711
Anika 403 0.03 712
Kairi 401 0.03 713
Aniya 400 0.03 714
Noemi 399 0.03 715
Angie 396 0.03 716
Crystal 395 0.03 717
Bridget 394 0.03 718
Ari 393 0.03 719
Davina 391 0.03 720
Amelie 390 0.03 721
Amirah 390 0.03 722
Annika 390 0.03 723
Elora 390 0.03 724
Xiomara 390 0.03 725
Linda 389 0.03 726
Hana 387 0.03 727
Laney 387 0.03 728
Mercy 385 0.03 729
Hadassah 382 0.03 730
Madalyn 382 0.03 731
Louisa 381 0.03 732
Simone 381 0.03 733
Kori 380 0.03 734
Jillian 379 0.03 735
Alena 377 0.03 736
Malaya 377 0.03 737
Miley 376 0.03 738
Milan 375 0.03 739
Sariyah 375 0.03 740
Malani 371 0.03 741
Clarissa 370 0.03 742
Nala 370 0.03 743
Princess 370 0.03 744
Amani 369 0.03 745
Analia 369 0.03 746
Estella 368 0.03 747
Milana 366 0.03 748
Aya 365 0.03 749
Chana 360 0.03 750
Jayde 360 0.03 751
Tenley 360 0.03 752
Zaria 360 0.03 753
Itzayana 359 0.03 754
Penny 359 0.03 755
Ailani 358 0.03 756
Lara 358 0.03 757
Aubriella 357 0.03 758
Clare 357 0.03 759
Lina 357 0.03 760
Rhea 357 0.03 761
Bria 356 0.03 762
Thalia 356 0.03 763
Keyla 355 0.03 764
Haisley 354 0.03 765
Ryann 354 0.03 766
Addisyn 353 0.03 767
Amaia 353 0.03 768
Chanel 353 0.03 769
Ellen 353 0.03 770
Harmoni 353 0.03 771
Aliana 352 0.03 772
Tinsley 352 0.03 773
Landry 351 0.03 774
Paisleigh 351 0.03 775
Lexie 348 0.03 776
Myah 348 0.03 777
Rylan 348 0.03 778
Deborah 347 0.03 779
Emilee 347 0.03 780
Laylah 347 0.03 781
Novalee 347 0.03 782
Ellis 346 0.03 783
Emmeline 346 0.03 784
Avalynn 344 0.03 785
Hadlee 344 0.03 786
Legacy 344 0.03 787
Braylee 343 0.03 788
Elisabeth 343 0.03 789
Kaylie 343 0.03 790
Ansley 342 0.03 791
Dior 342 0.03 792
Paula 342 0.03 793
Belen 341 0.03 794
Corinne 341 0.03 795
Maleah 341 0.03 796
Martha 341 0.03 797
Teresa 341 0.03 798
Salma 340 0.03 799
Louise 339 0.03 800
Averi 338 0.03 801
Lilianna 338 0.03 802
Amiya 337 0.03 803
Milena 337 0.03 804
Royal 337 0.03 805
Aubrielle 335 0.03 806
Calliope 335 0.03 807
Frankie 335 0.03 808
Natasha 333 0.03 809
Kamilah 332 0.03 810
Meilani 332 0.03 811
Raina 332 0.03 812
Amayah 331 0.03 813
Lailah 331 0.03 814
Rayne 331 0.03 815
Zaniyah 331 0.03 816
Isabela 330 0.03 817
Nathalie 330 0.03 818
Miah 329 0.03 819
Opal 329 0.03 820
Kenia 328 0.03 821
Azariah 327 0.03 822
Hunter 327 0.03 823
Tori 327 0.03 824
Andi 326 0.03 825
Keily 326 0.03 826
Leanna 326 0.03 827
Scarlette 326 0.03 828
Jaelyn 325 0.03 829
Saoirse 325 0.03 830
Selene 325 0.03 831
Dalary 323 0.03 832
Lindsey 323 0.03 833
Marianna 323 0.03 834
Ramona 323 0.03 835
Estelle 322 0.03 836
Giovanna 322 0.03 837
Holland 322 0.03 838
Nancy 322 0.03 839
Emmalynn 321 0.03 840
Mylah 321 0.03 841
Rosalee 321 0.03 842
Sariah 320 0.03 843
Zoie 320 0.03 844
Blaire 319 0.03 845
Lyanna 319 0.03 846
Maxine 319 0.03 847
Anais 318 0.03 848
Dana 318 0.03 849
Judith 318 0.03 850
Kiera 318 0.03 851
Jaelynn 316 0.03 852
Noor 316 0.03 853
Kai 315 0.03 854
Adalee 314 0.03 855
Oaklee 314 0.03 856
Amaris 313 0.03 857
Jaycee 313 0.03 858
Belle 312 0.03 859
Carolyn 312 0.03 860
Della 312 0.03 861
Karter 312 0.03 862
Sky 312 0.03 863
Treasure 312 0.03 864
Vienna 312 0.03 865
Jewel 311 0.03 866
Rivka 311 0.03 867
Rosalyn 311 0.03 868
Alannah 310 0.03 869
Ellianna 310 0.03 870
Sunny 310 0.03 871
Claudia 309 0.03 872
Cara 307 0.03 873
Hailee 307 0.03 874
Estrella 306 0.03 875
Harleigh 306 0.03 876
Zhavia 306 0.03 877
Alianna 305 0.03 878
Brittany 305 0.03 879
Jaylene 305 0.03 880
Journi 305 0.03 881
Marissa 304 0.03 882
Mavis 304 0.03 883
Iliana 303 0.03 884
Jurnee 303 0.03 885
Aislinn 302 0.03 886
Alyson 302 0.03 887
Elsa 302 0.03 888
Kamiyah 302 0.03 889
Kiana 302 0.03 890
Lisa 302 0.03 891
Arlette 301 0.03 892
Kadence 301 0.03 893
Kathleen 301 0.03 894
Halle 300 0.02 895
Erika 298 0.02 896
Sylvie 298 0.02 897
Adele 296 0.02 898
Erica 296 0.02 899
Veda 296 0.02 900
Whitney 296 0.02 901
Bexley 295 0.02 902
Emmaline 295 0.02 903
Guadalupe 295 0.02 904
August 294 0.02 905
Brynleigh 294 0.02 906
Gwen 294 0.02 907
Promise 294 0.02 908
Alisson 293 0.02 909
India 293 0.02 910
Madalynn 293 0.02 911
Paloma 293 0.02 912
Patricia 293 0.02 913
Samira 293 0.02 914
Aliya 291 0.02 915
Casey 291 0.02 916
Jazlynn 291 0.02 917
Paulina 291 0.02 918
Dulce 290 0.02 919
Kallie 289 0.02 920
Perla 289 0.02 921
Adrienne 288 0.02 922
Alora 288 0.02 923
Nataly 288 0.02 924
Ayleen 287 0.02 925
Christine 287 0.02 926
Kaiya 287 0.02 927
Ariadne 286 0.02 928
Karlee 286 0.02 929
Barbara 285 0.02 930
Lillianna 285 0.02 931
Raquel 285 0.02 932
Saniyah 285 0.02 933
Yamileth 285 0.02 934
Arely 283 0.02 935
Celia 283 0.02 936
Heavenly 283 0.02 937
Kaylin 283 0.02 938
Marisol 282 0.02 939
Marleigh 282 0.02 940
Avalyn 281 0.02 941
Berkley 281 0.02 942
Kataleya 279 0.02 943
Zainab 279 0.02 944
Dani 278 0.02 945
Egypt 278 0.02 946
Joyce 278 0.02 947
Kenley 278 0.02 948
Annabel 277 0.02 949
Kaelyn 277 0.02 950
Etta 276 0.02 951
Hadleigh 276 0.02 952
Joselyn 276 0.02 953
Luella 276 0.02 954
Jaylee 275 0.02 955
Zola 275 0.02 956
Alisha 274 0.02 957
Ezra 274 0.02 958
Queen 274 0.02 959
Amia 273 0.02 960
Annalee 273 0.02 961
Bellamy 273 0.02 962
Paola 273 0.02 963
Tinley 273 0.02 964
Violeta 273 0.02 965
Jenesis 272 0.02 966
Arden 271 0.02 967
Giana 271 0.02 968
Wendy 270 0.02 969
Ellison 269 0.02 970
Florence 269 0.02 971
Margo 269 0.02 972
Naya 269 0.02 973
Robin 269 0.02 974
Sandra 269 0.02 975
Scout 269 0.02 976
Waverly 269 0.02 977
Janessa 268 0.02 978
Jayden 268 0.02 979
Micah 268 0.02 980
Novah 268 0.02 981
Zora 268 0.02 982
Ann 267 0.02 983
Jana 267 0.02 984
Taliyah 267 0.02 985
Vada 265 0.02 986
Giavanna 264 0.02 987
Ingrid 264 0.02 988
Valery 264 0.02 989
Azaria 263 0.02 990
Emmarie 263 0.02 991
Esperanza 263 0.02 992
Kailyn 262 0.02 993
Aiyana 261 0.02 994
Keilani 261 0.02 995
Austyn 260 0.02 996
Whitley 260 0.02 997
Elina 259 0.02 998
Kimora 259 0.02 999
Maliah 259 0.02 1000