Liam 19837 1.33 1
Noah 18267 1.22 2
William 14516 0.97 3
James 13525 0.91 4
Oliver 13389 0.90 5
Benjamin 13381 0.90 6
Elijah 12886 0.86 7
Lucas 12585 0.84 8
Mason 12435 0.83 9
Logan 12352 0.83 10
Alexander 11989 0.80 11
Ethan 11854 0.79 12
Jacob 11770 0.79 13
Michael 11620 0.78 14
Daniel 11173 0.75 15
Henry 10649 0.71 16
Jackson 10323 0.69 17
Sebastian 10054 0.67 18
Aiden 9979 0.67 19
Matthew 9924 0.66 20
Samuel 9734 0.65 21
David 9697 0.65 22
Joseph 9555 0.64 23
Carter 9312 0.62 24
Owen 9288 0.62 25
Wyatt 9127 0.61 26
John 9119 0.61 27
Jack 8834 0.59 28
Luke 8577 0.57 29
Jayden 8553 0.57 30
Dylan 8549 0.57 31
Grayson 8538 0.57 32
Levi 8440 0.56 33
Isaac 8417 0.56 34
Gabriel 8335 0.56 35
Julian 8307 0.56 36
Mateo 8169 0.55 37
Anthony 8003 0.54 38
Jaxon 7701 0.52 39
Lincoln 7368 0.49 40
Joshua 7364 0.49 41
Christopher 7261 0.49 42
Andrew 7234 0.48 43
Theodore 7020 0.47 44
Caleb 6929 0.46 45
Ryan 6905 0.46 46
Asher 6802 0.46 47
Nathan 6790 0.45 48
Thomas 6779 0.45 49
Leo 6719 0.45 50
Isaiah 6614 0.44 51
Charles 6604 0.44 52
Josiah 6603 0.44 53
Hudson 6540 0.44 54
Christian 6509 0.44 55
Hunter 6066 0.41 56
Connor 6058 0.41 57
Eli 6027 0.40 58
Ezra 6000 0.40 59
Aaron 5953 0.40 60
Landon 5827 0.39 61
Adrian 5788 0.39 62
Jonathan 5712 0.38 63
Nolan 5607 0.38 64
Jeremiah 5561 0.37 65
Easton 5429 0.36 66
Elias 5310 0.36 67
Colton 5284 0.35 68
Cameron 5271 0.35 69
Carson 5227 0.35 70
Robert 5140 0.34 71
Angel 5032 0.34 72
Maverick 5014 0.34 73
Nicholas 4801 0.32 74
Dominic 4753 0.32 75
Jaxson 4734 0.32 76
Greyson 4728 0.32 77
Adam 4675 0.31 78
Ian 4675 0.31 79
Austin 4651 0.31 80
Santiago 4647 0.31 81
Jordan 4646 0.31 82
Cooper 4441 0.30 83
Brayden 4383 0.29 84
Roman 4364 0.29 85
Evan 4356 0.29 86
Ezekiel 4319 0.29 87
Xavier 4298 0.29 88
Jose 4292 0.29 89
Jace 4276 0.29 90
Jameson 4221 0.28 91
Leonardo 4205 0.28 92
Bryson 4194 0.28 93
Axel 4055 0.27 94
Everett 4001 0.27 95
Parker 3978 0.27 96
Kayden 3972 0.27 97
Miles 3964 0.27 98
Sawyer 3858 0.26 99
Jason 3847 0.26 100
Declan 3792 0.25 101
Weston 3760 0.25 102
Micah 3718 0.25 103
Ayden 3655 0.24 104
Wesley 3609 0.24 105
Luca 3589 0.24 106
Vincent 3552 0.24 107
Damian 3540 0.24 108
Zachary 3528 0.24 109
Silas 3479 0.23 110
Gavin 3449 0.23 111
Chase 3429 0.23 112
Kai 3421 0.23 113
Emmett 3416 0.23 114
Harrison 3394 0.23 115
Nathaniel 3351 0.22 116
Kingston 3330 0.22 117
Cole 3327 0.22 118
Tyler 3298 0.22 119
Bennett 3271 0.22 120
Bentley 3250 0.22 121
Ryker 3223 0.22 122
Tristan 3195 0.21 123
Brandon 3183 0.21 124
Kevin 3124 0.21 125
Luis 3084 0.21 126
George 3059 0.20 127
Ashton 3035 0.20 128
Rowan 3020 0.20 129
Braxton 2991 0.20 130
Ryder 2984 0.20 131
Gael 2922 0.20 132
Ivan 2897 0.19 133
Diego 2880 0.19 134
Maxwell 2876 0.19 135
Max 2857 0.19 136
Carlos 2839 0.19 137
Kaiden 2832 0.19 138
Juan 2826 0.19 139
Maddox 2797 0.19 140
Justin 2787 0.19 141
Waylon 2774 0.19 142
Calvin 2747 0.18 143
Giovanni 2747 0.18 144
Jonah 2697 0.18 145
Abel 2663 0.18 146
Jayce 2635 0.18 147
Jesus 2631 0.18 148
Amir 2584 0.17 149
King 2579 0.17 150
Beau 2576 0.17 151
Camden 2543 0.17 152
Alex 2505 0.17 153
Jasper 2484 0.17 154
Malachi 2473 0.17 155
Brody 2470 0.17 156
Jude 2468 0.17 157
Blake 2446 0.16 158
Emmanuel 2404 0.16 159
Eric 2389 0.16 160
Brooks 2368 0.16 161
Elliot 2358 0.16 162
Antonio 2352 0.16 163
Abraham 2344 0.16 164
Timothy 2330 0.16 165
Finn 2316 0.16 166
Rhett 2304 0.15 167
Elliott 2286 0.15 168
Edward 2268 0.15 169
August 2264 0.15 170
Xander 2257 0.15 171
Alan 2244 0.15 172
Dean 2241 0.15 173
Lorenzo 2241 0.15 174
Bryce 2228 0.15 175
Karter 2226 0.15 176
Victor 2213 0.15 177
Milo 2185 0.15 178
Miguel 2171 0.15 179
Hayden 2168 0.15 180
Graham 2165 0.14 181
Grant 2162 0.14 182
Zion 2153 0.14 183
Tucker 2152 0.14 184
Jesse 2126 0.14 185
Zayden 2126 0.14 186
Joel 2119 0.14 187
Richard 2119 0.14 188
Patrick 2111 0.14 189
Emiliano 2108 0.14 190
Avery 2098 0.14 191
Nicolas 2094 0.14 192
Brantley 2092 0.14 193
Dawson 2089 0.14 194
Myles 2085 0.14 195
Matteo 2084 0.14 196
River 2051 0.14 197
Steven 2022 0.14 198
Thiago 2020 0.14 199
Zane 2014 0.13 200
Matias 2007 0.13 201
Judah 1993 0.13 202
Messiah 1983 0.13 203
Jeremy 1955 0.13 204
Preston 1954 0.13 205
Oscar 1945 0.13 206
Kaleb 1906 0.13 207
Alejandro 1895 0.13 208
Marcus 1880 0.13 209
Mark 1859 0.12 210
Peter 1812 0.12 211
Maximus 1803 0.12 212
Barrett 1802 0.12 213
Jax 1751 0.12 214
Andres 1736 0.12 215
Holden 1720 0.12 216
Legend 1718 0.12 217
Charlie 1716 0.11 218
Knox 1698 0.11 219
Kaden 1687 0.11 220
Paxton 1677 0.11 221
Kyrie 1673 0.11 222
Kyle 1668 0.11 223
Griffin 1662 0.11 224
Josue 1658 0.11 225
Kenneth 1655 0.11 226
Beckett 1647 0.11 227
Enzo 1646 0.11 228
Adriel 1642 0.11 229
Arthur 1642 0.11 230
Felix 1638 0.11 231
Bryan 1633 0.11 232
Lukas 1630 0.11 233
Paul 1625 0.11 234
Brian 1618 0.11 235
Colt 1615 0.11 236
Caden 1600 0.11 237
Leon 1595 0.11 238
Archer 1583 0.11 239
Omar 1577 0.11 240
Israel 1574 0.11 241
Aidan 1552 0.10 242
Theo 1541 0.10 243
Javier 1539 0.10 244
Remington 1524 0.10 245
Jaden 1487 0.10 246
Bradley 1486 0.10 247
Emilio 1486 0.10 248
Colin 1472 0.10 249
Riley 1455 0.10 250
Cayden 1449 0.10 251
Phoenix 1444 0.10 252
Clayton 1438 0.10 253
Simon 1435 0.10 254
Ace 1434 0.10 255
Nash 1399 0.09 256
Derek 1398 0.09 257
Rafael 1393 0.09 258
Zander 1383 0.09 259
Brady 1377 0.09 260
Jorge 1377 0.09 261
Jake 1372 0.09 262
Louis 1368 0.09 263
Damien 1349 0.09 264
Karson 1335 0.09 265
Walker 1332 0.09 266
Maximiliano 1327 0.09 267
Amari 1312 0.09 268
Sean 1310 0.09 269
Chance 1304 0.09 270
Walter 1303 0.09 271
Martin 1286 0.09 272
Finley 1280 0.09 273
Andre 1275 0.09 274
Tobias 1274 0.09 275
Cash 1267 0.08 276
Corbin 1257 0.08 277
Arlo 1256 0.08 278
Iker 1254 0.08 279
Erick 1245 0.08 280
Emerson 1238 0.08 281
Gunner 1238 0.08 282
Cody 1237 0.08 283
Stephen 1236 0.08 284
Francisco 1235 0.08 285
Killian 1224 0.08 286
Dallas 1219 0.08 287
Reid 1217 0.08 288
Manuel 1206 0.08 289
Lane 1205 0.08 290
Atlas 1204 0.08 291
Rylan 1191 0.08 292
Jensen 1188 0.08 293
Ronan 1187 0.08 294
Beckham 1182 0.08 295
Daxton 1176 0.08 296
Anderson 1161 0.08 297
Kameron 1155 0.08 298
Raymond 1149 0.08 299
Orion 1141 0.08 300
Cristian 1137 0.08 301
Tanner 1134 0.08 302
Kyler 1128 0.08 303
Jett 1122 0.08 304
Cohen 1120 0.07 305
Ricardo 1119 0.07 306
Spencer 1101 0.07 307
Gideon 1092 0.07 308
Ali 1089 0.07 309
Fernando 1089 0.07 310
Jaiden 1080 0.07 311
Titus 1076 0.07 312
Travis 1072 0.07 313
Bodhi 1071 0.07 314
Eduardo 1066 0.07 315
Dante 1065 0.07 316
Ellis 1058 0.07 317
Prince 1058 0.07 318
Kane 1048 0.07 319
Luka 1041 0.07 320
Kash 1040 0.07 321
Hendrix 1026 0.07 322
Desmond 1024 0.07 323
Donovan 1021 0.07 324
Mario 1018 0.07 325
Atticus 1016 0.07 326
Cruz 1011 0.07 327
Garrett 1010 0.07 328
Hector 1006 0.07 329
Angelo 1004 0.07 330
Jeffrey 1003 0.07 331
Edwin 1000 0.07 332
Cesar 998 0.07 333
Zayn 996 0.07 334
Devin 995 0.07 335
Conor 994 0.07 336
Warren 993 0.07 337
Odin 989 0.07 338
Jayceon 985 0.07 339
Romeo 977 0.07 340
Julius 976 0.07 341
Jaylen 971 0.07 342
Hayes 969 0.06 343
Kayson 961 0.06 344
Muhammad 960 0.06 345
Jaxton 955 0.06 346
Joaquin 944 0.06 347
Caiden 942 0.06 348
Dakota 936 0.06 349
Major 936 0.06 350
Keegan 934 0.06 351
Sergio 932 0.06 352
Marshall 931 0.06 353
Johnny 929 0.06 354
Kade 926 0.06 355
Edgar 921 0.06 356
Leonel 921 0.06 357
Ismael 915 0.06 358
Marco 915 0.06 359
Tyson 915 0.06 360
Wade 913 0.06 361
Collin 910 0.06 362
Troy 904 0.06 363
Nasir 903 0.06 364
Conner 898 0.06 365
Adonis 892 0.06 366
Jared 886 0.06 367
Rory 881 0.06 368
Andy 877 0.06 369
Jase 874 0.06 370
Lennox 872 0.06 371
Shane 868 0.06 372
Malik 865 0.06 373
Ari 861 0.06 374
Reed 853 0.06 375
Seth 851 0.06 376
Clark 850 0.06 377
Erik 850 0.06 378
Lawson 849 0.06 379
Trevor 849 0.06 380
Gage 839 0.06 381
Nico 835 0.06 382
Malakai 831 0.06 383
Quinn 828 0.06 384
Cade 825 0.06 385
Johnathan 825 0.06 386
Sullivan 816 0.05 387
Solomon 811 0.05 388
Cyrus 807 0.05 389
Fabian 804 0.05 390
Pedro 804 0.05 391
Frank 803 0.05 392
Shawn 802 0.05 393
Malcolm 799 0.05 394
Khalil 796 0.05 395
Nehemiah 795 0.05 396
Dalton 792 0.05 397
Mathias 792 0.05 398
Jay 790 0.05 399
Ibrahim 789 0.05 400
Peyton 787 0.05 401
Winston 787 0.05 402
Kason 785 0.05 403
Zayne 785 0.05 404
Noel 784 0.05 405
Princeton 784 0.05 406
Matthias 780 0.05 407
Gregory 778 0.05 408
Sterling 777 0.05 409
Dominick 775 0.05 410
Elian 770 0.05 411
Grady 764 0.05 412
Russell 764 0.05 413
Finnegan 763 0.05 414
Ruben 750 0.05 415
Gianni 745 0.05 416
Porter 745 0.05 417
Kendrick 744 0.05 418
Leland 744 0.05 419
Pablo 742 0.05 420
Allen 733 0.05 421
Hugo 726 0.05 422
Raiden 725 0.05 423
Kolton 724 0.05 424
Remy 719 0.05 425
Ezequiel 718 0.05 426
Damon 715 0.05 427
Emanuel 707 0.05 428
Zaiden 704 0.05 429
Otto 702 0.05 430
Bowen 701 0.05 431
Marcos 700 0.05 432
Abram 694 0.05 433
Kasen 693 0.05 434
Franklin 690 0.05 435
Royce 690 0.05 436
Jonas 688 0.05 437
Sage 687 0.05 438
Philip 683 0.05 439
Esteban 682 0.05 440
Drake 680 0.05 441
Kashton 680 0.05 442
Roberto 678 0.05 443
Harvey 677 0.05 444
Alexis 675 0.05 445
Kian 671 0.04 446
Jamison 669 0.04 447
Maximilian 667 0.04 448
Adan 661 0.04 449
Milan 659 0.04 450
Phillip 659 0.04 451
Albert 657 0.04 452
Dax 655 0.04 453
Mohamed 654 0.04 454
Ronin 654 0.04 455
Kamden 651 0.04 456
Hank 647 0.04 457
Memphis 638 0.04 458
Oakley 634 0.04 459
Augustus 630 0.04 460
Drew 628 0.04 461
Moises 624 0.04 462
Armani 622 0.04 463
Rhys 621 0.04 464
Benson 619 0.04 465
Jayson 619 0.04 466
Kyson 619 0.04 467
Braylen 618 0.04 468
Corey 618 0.04 469
Gunnar 617 0.04 470
Omari 617 0.04 471
Alonzo 611 0.04 472
Landen 611 0.04 473
Armando 609 0.04 474
Derrick 608 0.04 475
Dexter 608 0.04 476
Enrique 608 0.04 477
Bruce 607 0.04 478
Nikolai 607 0.04 479
Francis 606 0.04 480
Rocco 606 0.04 481
Kairo 605 0.04 482
Royal 604 0.04 483
Zachariah 601 0.04 484
Arjun 600 0.04 485
Deacon 599 0.04 486
Skyler 597 0.04 487
Eden 594 0.04 488
Alijah 589 0.04 489
Rowen 585 0.04 490
Pierce 584 0.04 491
Uriel 580 0.04 492
Ronald 578 0.04 493
Luciano 577 0.04 494
Tate 576 0.04 495
Frederick 575 0.04 496
Kieran 575 0.04 497
Lawrence 573 0.04 498
Moses 573 0.04 499
Rodrigo 571 0.04 500
Brycen 569 0.04 501
Leonidas 568 0.04 502
Nixon 567 0.04 503
Keith 565 0.04 504
Chandler 564 0.04 505
Case 559 0.04 506
Davis 558 0.04 507
Asa 554 0.04 508
Darius 549 0.04 509
Isaias 548 0.04 510
Aden 547 0.04 511
Jaime 547 0.04 512
Landyn 547 0.04 513
Raul 547 0.04 514
Niko 545 0.04 515
Trenton 545 0.04 516
Apollo 543 0.04 517
Cairo 542 0.04 518
Izaiah 542 0.04 519
Scott 541 0.04 520
Dorian 539 0.04 521
Julio 538 0.04 522
Wilder 538 0.04 523
Santino 537 0.04 524
Dustin 535 0.04 525
Donald 533 0.04 526
Raphael 533 0.04 527
Saul 533 0.04 528
Taylor 532 0.04 529
Ayaan 529 0.04 530
Duke 527 0.04 531
Ryland 527 0.04 532
Tatum 524 0.04 533
Ahmed 521 0.03 534
Moshe 521 0.03 535
Edison 519 0.03 536
Emmitt 519 0.03 537
Cannon 518 0.03 538
Alec 516 0.03 539
Danny 516 0.03 540
Keaton 514 0.03 541
Roy 514 0.03 542
Conrad 513 0.03 543
Roland 512 0.03 544
Quentin 511 0.03 545
Lewis 506 0.03 546
Samson 505 0.03 547
Brock 504 0.03 548
Kylan 501 0.03 549
Cason 500 0.03 550
Ahmad 499 0.03 551
Jalen 499 0.03 552
Nikolas 497 0.03 553
Braylon 496 0.03 554
Kamari 496 0.03 555
Dennis 493 0.03 556
Callum 492 0.03 557
Justice 491 0.03 558
Soren 491 0.03 559
Rayan 489 0.03 560
Aarav 488 0.03 561
Gerardo 488 0.03 562
Ares 486 0.03 563
Brendan 485 0.03 564
Jamari 485 0.03 565
Kaison 485 0.03 566
Yusuf 485 0.03 567
Issac 484 0.03 568
Jasiah 484 0.03 569
Callen 482 0.03 570
Forrest 480 0.03 571
Makai 480 0.03 572
Crew 478 0.03 573
Kobe 478 0.03 574
Bo 477 0.03 575
Julien 477 0.03 576
Mathew 474 0.03 577
Braden 473 0.03 578
Johan 473 0.03 579
Marvin 473 0.03 580
Zaid 473 0.03 581
Stetson 467 0.03 582
Casey 466 0.03 583
Ty 466 0.03 584
Ariel 465 0.03 585
Tony 465 0.03 586
Zain 465 0.03 587
Callan 464 0.03 588
Cullen 462 0.03 589
Sincere 461 0.03 590
Uriah 461 0.03 591
Dillon 459 0.03 592
Kannon 458 0.03 593
Colby 457 0.03 594
Axton 456 0.03 595
Cassius 456 0.03 596
Quinton 456 0.03 597
Mekhi 454 0.03 598
Reece 453 0.03 599
Alessandro 452 0.03 600
Jerry 451 0.03 601
Mauricio 451 0.03 602
Sam 451 0.03 603
Trey 447 0.03 604
Mohammad 444 0.03 605
Alberto 442 0.03 606
Gustavo 442 0.03 607
Arturo 441 0.03 608
Fletcher 441 0.03 609
Marcelo 440 0.03 610
Abdiel 439 0.03 611
Hamza 438 0.03 612
Alfredo 437 0.03 613
Chris 437 0.03 614
Finnley 436 0.03 615
Curtis 435 0.03 616
Kellan 434 0.03 617
Quincy 431 0.03 618
Kase 430 0.03 619
Harry 427 0.03 620
Kyree 426 0.03 621
Wilson 426 0.03 622
Cayson 424 0.03 623
Hezekiah 424 0.03 624
Kohen 424 0.03 625
Neil 424 0.03 626
Mohammed 423 0.03 627
Raylan 423 0.03 628
Kaysen 420 0.03 629
Lucca 420 0.03 630
Sylas 417 0.03 631
Mack 416 0.03 632
Leonard 415 0.03 633
Lionel 415 0.03 634
Ford 413 0.03 635
Roger 411 0.03 636
Rex 410 0.03 637
Alden 405 0.03 638
Boston 405 0.03 639
Colson 405 0.03 640
Briggs 403 0.03 641
Zeke 403 0.03 642
Dariel 401 0.03 643
Kingsley 400 0.03 644
Valentino 396 0.03 645
Jamir 395 0.03 646
Salvador 394 0.03 647
Vihaan 394 0.03 648
Mitchell 392 0.03 649
Lance 391 0.03 650
Lucian 391 0.03 651
Darren 390 0.03 652
Jimmy 390 0.03 653
Alvin 388 0.03 654
Amos 385 0.03 655
Tripp 385 0.03 656
Zaire 385 0.03 657
Layton 382 0.03 658
Reese 381 0.03 659
Casen 380 0.03 660
Colten 380 0.03 661
Brennan 379 0.03 662
Korbin 379 0.03 663
Sonny 379 0.03 664
Bruno 378 0.03 665
Orlando 378 0.03 666
Devon 377 0.03 667
Huxley 377 0.03 668
Boone 376 0.03 669
Maurice 375 0.03 670
Nelson 373 0.02 671
Douglas 371 0.02 672
Randy 370 0.02 673
Gary 367 0.02 674
Lennon 367 0.02 675
Titan 367 0.02 676
Denver 366 0.02 677
Jaziel 366 0.02 678
Noe 366 0.02 679
Jefferson 364 0.02 680
Ricky 364 0.02 681
Lochlan 357 0.02 682
Rayden 356 0.02 683
Bryant 355 0.02 684
Langston 354 0.02 685
Lachlan 353 0.02 686
Clay 352 0.02 687
Abdullah 350 0.02 688
Lee 350 0.02 689
Baylor 349 0.02 690
Leandro 349 0.02 691
Ben 347 0.02 692
Kareem 346 0.02 693
Layne 346 0.02 694
Joe 345 0.02 695
Crosby 344 0.02 696
Deandre 344 0.02 697
Demetrius 344 0.02 698
Kellen 343 0.02 699
Carl 342 0.02 700
Jakob 342 0.02 701
Ridge 342 0.02 702
Bronson 341 0.02 703
Jedidiah 340 0.02 704
Rohan 340 0.02 705
Larry 339 0.02 706
Stanley 339 0.02 707
Tomas 339 0.02 708
Shiloh 337 0.02 709
Thaddeus 337 0.02 710
Watson 337 0.02 711
Baker 336 0.02 712
Vicente 336 0.02 713
Koda 334 0.02 714
Jagger 333 0.02 715
Nathanael 333 0.02 716
Carmelo 332 0.02 717
Shepherd 332 0.02 718
Graysen 330 0.02 719
Melvin 330 0.02 720
Ernesto 328 0.02 721
Jamie 328 0.02 722
Yosef 328 0.02 723
Clyde 327 0.02 724
Eddie 327 0.02 725
Tristen 327 0.02 726
Grey 326 0.02 727
Ray 326 0.02 728
Tommy 326 0.02 729
Samir 325 0.02 730
Ramon 324 0.02 731
Santana 324 0.02 732
Kristian 322 0.02 733
Marcel 322 0.02 734
Wells 322 0.02 735
Zyaire 322 0.02 736
Brecken 321 0.02 737
Byron 321 0.02 738
Otis 321 0.02 739
Reyansh 320 0.02 740
Axl 319 0.02 741
Joey 318 0.02 742
Trace 318 0.02 743
Morgan 317 0.02 744
Musa 317 0.02 745
Harlan 316 0.02 746
Enoch 315 0.02 747
Henrik 313 0.02 748
Kristopher 313 0.02 749
Talon 313 0.02 750
Rey 312 0.02 751
Guillermo 311 0.02 752
Houston 311 0.02 753
Jon 311 0.02 754
Vincenzo 311 0.02 755
Dane 310 0.02 756
Terry 309 0.02 757
Azariah 307 0.02 758
Castiel 307 0.02 759
Kye 307 0.02 760
Augustine 305 0.02 761
Zechariah 305 0.02 762
Joziah 304 0.02 763
Kamryn 304 0.02 764
Hassan 303 0.02 765
Jamal 302 0.02 766
Chaim 301 0.02 767
Bodie 300 0.02 768
Emery 300 0.02 769
Branson 299 0.02 770
Jaxtyn 299 0.02 771
Kole 299 0.02 772
Wayne 299 0.02 773
Aryan 298 0.02 774
Alonso 297 0.02 775
Brixton 296 0.02 776
Madden 295 0.02 777
Allan 294 0.02 778
Flynn 294 0.02 779
Jaxen 292 0.02 780
Harley 291 0.02 781
Magnus 291 0.02 782
Sutton 291 0.02 783
Dash 289 0.02 784
Anders 288 0.02 785
Westley 288 0.02 786
Brett 286 0.02 787
Emory 286 0.02 788
Felipe 286 0.02 789
Yousef 285 0.02 790
Jadiel 284 0.02 791
Mordechai 284 0.02 792
Dominik 283 0.02 793
Junior 283 0.02 794
Eliseo 282 0.02 795
Fisher 282 0.02 796
Harold 281 0.02 797
Jaxxon 281 0.02 798
Kamdyn 281 0.02 799
Maximo 281 0.02 800
Caspian 280 0.02 801
Kelvin 280 0.02 802
Damari 279 0.02 803
Fox 279 0.02 804
Trent 279 0.02 805
Hugh 278 0.02 806
Briar 277 0.02 807
Franco 277 0.02 808
Keanu 277 0.02 809
Terrance 277 0.02 810
Yahir 277 0.02 811
Ameer 276 0.02 812
Kaiser 274 0.02 813
Thatcher 274 0.02 814
Ishaan 273 0.02 815
Koa 273 0.02 816
Merrick 273 0.02 817
Coen 272 0.02 818
Rodney 272 0.02 819
Brayan 271 0.02 820
London 271 0.02 821
Rudy 270 0.02 822
Gordon 269 0.02 823
Bobby 268 0.02 824
Aron 267 0.02 825
Marc 267 0.02 826
Van 266 0.02 827
Anakin 265 0.02 828
Canaan 265 0.02 829
Dario 265 0.02 830
Reginald 265 0.02 831
Westin 265 0.02 832
Darian 264 0.02 833
Ledger 264 0.02 834
Leighton 264 0.02 835
Maxton 264 0.02 836
Tadeo 264 0.02 837
Valentin 264 0.02 838
Aldo 263 0.02 839
Khalid 263 0.02 840
Nickolas 263 0.02 841
Toby 263 0.02 842
Dayton 261 0.02 843
Jacoby 261 0.02 844
Billy 260 0.02 845
Gatlin 260 0.02 846
Elisha 259 0.02 847
Jabari 259 0.02 848
Jermaine 259 0.02 849
Alvaro 257 0.02 850
Marlon 257 0.02 851
Mayson 257 0.02 852
Blaze 256 0.02 853
Jeffery 256 0.02 854
Kace 256 0.02 855
Braydon 255 0.02 856
Achilles 254 0.02 857
Brysen 254 0.02 858
Saint 254 0.02 859
Xzavier 253 0.02 860
Aydin 252 0.02 861
Eugene 252 0.02 862
Adrien 251 0.02 863
Cain 251 0.02 864
Kylo 251 0.02 865
Nova 251 0.02 866
Onyx 251 0.02 867
Arian 250 0.02 868
Bjorn 250 0.02 869
Jerome 250 0.02 870
Miller 250 0.02 871
Alfred 249 0.02 872
Kenzo 249 0.02 873
Kyng 248 0.02 874
Leroy 248 0.02 875
Maison 248 0.02 876
Jordy 247 0.02 877
Stefan 247 0.02 878
Wallace 246 0.02 879
Benicio 245 0.02 880
Kendall 245 0.02 881
Zayd 245 0.02 882
Blaine 244 0.02 883
Tristian 244 0.02 884
Anson 243 0.02 885
Gannon 243 0.02 886
Jeremias 243 0.02 887
Marley 243 0.02 888
Ronnie 243 0.02 889
Dangelo 242 0.02 890
Kody 242 0.02 891
Will 242 0.02 892
Bentlee 241 0.02 893
Gerald 241 0.02 894
Salvatore 241 0.02 895
Turner 241 0.02 896
Chad 240 0.02 897
Misael 240 0.02 898
Mustafa 240 0.02 899
Konnor 239 0.02 900
Maxim 239 0.02 901
Rogelio 239 0.02 902
Zakai 239 0.02 903
Cory 238 0.02 904
Judson 238 0.02 905
Brentley 237 0.02 906
Darwin 236 0.02 907
Louie 236 0.02 908
Ulises 236 0.02 909
Dakari 235 0.02 910
Rocky 234 0.02 911
Wesson 234 0.02 912
Alfonso 233 0.02 913
Payton 233 0.02 914
Dwayne 232 0.02 915
Juelz 232 0.02 916
Duncan 231 0.02 917
Keagan 231 0.02 918
Deshawn 230 0.02 919
Bode 229 0.02 920
Bridger 229 0.02 921
Skylar 229 0.02 922
Brodie 228 0.02 923
Landry 228 0.02 924
Avi 227 0.02 925
Keenan 227 0.02 926
Reuben 227 0.02 927
Jaxx 226 0.02 928
Rene 226 0.02 929
Yehuda 226 0.02 930
Imran 225 0.02 931
Yael 225 0.02 932
Alexzander 224 0.01 933
Willie 224 0.01 934
Cristiano 223 0.01 935
Heath 223 0.01 936
Lyric 223 0.01 937
Davion 222 0.01 938
Elon 222 0.01 939
Karsyn 222 0.01 940
Krew 222 0.01 941
Jairo 221 0.01 942
Maddux 221 0.01 943
Ephraim 220 0.01 944
Ignacio 220 0.01 945
Vivaan 220 0.01 946
Aries 219 0.01 947
Vance 219 0.01 948
Boden 217 0.01 949
Lyle 217 0.01 950
Ralph 217 0.01 951
Reign 217 0.01 952
Camilo 216 0.01 953
Draven 216 0.01 954
Terrence 216 0.01 955
Idris 215 0.01 956
Ira 215 0.01 957
Javion 215 0.01 958
Jericho 215 0.01 959
Khari 215 0.01 960
Marcellus 215 0.01 961
Creed 214 0.01 962
Shepard 214 0.01 963
Terrell 214 0.01 964
Ahmir 213 0.01 965
Camdyn 213 0.01 966
Cedric 213 0.01 967
Howard 213 0.01 968
Jad 213 0.01 969
Zahir 213 0.01 970
Harper 212 0.01 971
Justus 212 0.01 972
Forest 211 0.01 973
Gibson 211 0.01 974
Zev 211 0.01 975
Alaric 210 0.01 976
Decker 210 0.01 977
Ernest 210 0.01 978
Jesiah 210 0.01 979
Torin 210 0.01 980
Benedict 209 0.01 981
Bowie 209 0.01 982
Deangelo 209 0.01 983
Genesis 209 0.01 984
Harlem 209 0.01 985
Kalel 209 0.01 986
Kylen 209 0.01 987
Bishop 208 0.01 988
Immanuel 208 0.01 989
Lian 208 0.01 990
Zavier 208 0.01 991
Archie 207 0.01 992
Davian 207 0.01 993
Gus 207 0.01 994
Kabir 207 0.01 995
Korbyn 207 0.01 996
Randall 207 0.01 997
Benton 206 0.01 998
Coleman 206 0.01 999
Markus 206 0.01 1000